3.8733e+05 6.1099e+06 -25.75 -2 1 0
3.8733e+05 6.1099e+06 -25.75 -2 1 0
3.8733e+05 6.1099e+06 -25.77 -2 1 0
3.8733e+05 6.1099e+06 -15.75 -2 1 0
3.8733e+05 6.1099e+06 -25.77 -2 1 0
3.8733e+05 6.1099e+06 -25.63 -2 1 0
3.8733e+05 6.1099e+06 -25.71 -2 1 0
3.8733e+05 6.1099e+06 -25.77 -2 1 0
3.8733e+05 6.1099e+06 -25.77 -2 1 0
3.8733e+05 6.1099e+06 -30.66 -1 1 0
3.8733e+05 6.1099e+06 -25.64 -2 1 0
3.8733e+05 6.1099e+06 -25.63 -2 1 0
4.8733e+05 8.1099e+06 -25.77 -2 1 0
3.8733e+05 6.1099e+06 -25.73 -4 1 0
3.8733e+05 6.1099e+06 -25.7 -2 1 0
3.8733e+05 6.1099e+06 -25.61 -2 1 0
3.8733e+05 6.1099e+06 -25.62 -2 1 0
3.8733e+05 6.1099e+06 -25.69 -2 1 0
3.8733e+05 6.1099e+06 -25.71 -2 1 0
3.8733e+05 6.1099e+06 -25.73 -2 1 0
2.8733e+05 2.1099e+06 -25.66 -2 1 0